Global C matrix:

674.07273 337.03636 0.00000 0.00000 337.03636 168.51818 0.00000 0.00000 0.00000 0.00000 0.00000 0.00000 0.00000 0.00000 0.00000 0.00000 
337.03636 1348.14747 337.03737 0.00000 168.51818 674.07374 168.51869 0.00000 0.00000 0.00000 0.00000 0.00000 0.00000 0.00000 0.00000 0.00000 
0.00000 337.03737 1348.14747 337.03636 0.00000 168.51869 674.07374 168.51818 0.00000 0.00000 0.00000 0.00000 0.00000 0.00000 0.00000 0.00000 
0.00000 0.00000 337.03636 674.07273 0.00000 0.00000 168.51818 337.03636 0.00000 0.00000 0.00000 0.00000 0.00000 0.00000 0.00000 0.00000 
337.03636 168.51818 0.00000 0.00000 1348.14747 674.07374 0.00000 0.00000 337.03737 168.51869 0.00000 0.00000 0.00000 0.00000 0.00000 0.00000 
168.51818 674.07374 168.51869 0.00000 674.07374 2696.29899 674.07576 0.00000 168.51869 674.07576 168.51919 0.00000 0.00000 0.00000 0.00000 0.00000 
0.00000 168.51869 674.07374 168.51818 0.00000 674.07576 2696.29899 674.07374 0.00000 168.51919 674.07576 168.51869 0.00000 0.00000 0.00000 0.00000 
0.00000 0.00000 168.51818 337.03636 0.00000 0.00000 674.07374 1348.14747 0.00000 0.00000 168.51869 337.03737 0.00000 0.00000 0.00000 0.00000 
0.00000 0.00000 0.00000 0.00000 337.03737 168.51869 0.00000 0.00000 1348.14747 674.07374 0.00000 0.00000 337.03636 168.51818 0.00000 0.00000 
0.00000 0.00000 0.00000 0.00000 168.51869 674.07576 168.51919 0.00000 674.07374 2696.29899 674.07576 0.00000 168.51818 674.07374 168.51869 0.00000 
0.00000 0.00000 0.00000 0.00000 0.00000 168.51919 674.07576 168.51869 0.00000 674.07576 2696.29899 674.07374 0.00000 168.51869 674.07374 168.51818 
0.00000 0.00000 0.00000 0.00000 0.00000 0.00000 168.51869 337.03737 0.00000 0.00000 674.07374 1348.14747 0.00000 0.00000 168.51818 337.03636 
0.00000 0.00000 0.00000 0.00000 0.00000 0.00000 0.00000 0.00000 337.03636 168.51818 0.00000 0.00000 674.07273 337.03636 0.00000 0.00000 
0.00000 0.00000 0.00000 0.00000 0.00000 0.00000 0.00000 0.00000 168.51818 674.07374 168.51869 0.00000 337.03636 1348.14747 337.03737 0.00000 
0.00000 0.00000 0.00000 0.00000 0.00000 0.00000 0.00000 0.00000 0.00000 168.51869 674.07374 168.51818 0.00000 337.03737 1348.14747 337.03636 
0.00000 0.00000 0.00000 0.00000 0.00000 0.00000 0.00000 0.00000 0.00000 0.00000 168.51818 337.03636 0.00000 0.00000 337.03636 674.07273 
