Global Hbc matrix:

23.33333 -2.50000 0.00000 0.00000 -2.50000 -8.33333 0.00000 0.00000 0.00000 0.00000 0.00000 0.00000 0.00000 0.00000 0.00000 0.00000 
-2.50000 40.00000 -2.49996 0.00000 -8.33333 -8.33337 -8.33333 0.00000 0.00000 0.00000 0.00000 0.00000 0.00000 0.00000 0.00000 0.00000 
0.00000 -2.49996 40.00000 -2.50000 0.00000 -8.33333 -8.33337 -8.33333 0.00000 0.00000 0.00000 0.00000 0.00000 0.00000 0.00000 0.00000 
0.00000 0.00000 -2.50000 23.33333 0.00000 0.00000 -8.33333 -2.50000 0.00000 0.00000 0.00000 0.00000 0.00000 0.00000 0.00000 0.00000 
-2.50000 -8.33333 0.00000 0.00000 40.00000 -8.33337 0.00000 0.00000 -2.49996 -8.33333 0.00000 0.00000 0.00000 0.00000 0.00000 0.00000 
-8.33333 -8.33337 -8.33333 0.00000 -8.33337 66.66667 -8.33330 0.00000 -8.33333 -8.33330 -8.33333 0.00000 0.00000 0.00000 0.00000 0.00000 
0.00000 -8.33333 -8.33337 -8.33333 0.00000 -8.33330 66.66667 -8.33337 0.00000 -8.33333 -8.33330 -8.33333 0.00000 0.00000 0.00000 0.00000 
0.00000 0.00000 -8.33333 -2.50000 0.00000 0.00000 -8.33337 40.00000 0.00000 0.00000 -8.33333 -2.49996 0.00000 0.00000 0.00000 0.00000 
0.00000 0.00000 0.00000 0.00000 -2.49996 -8.33333 0.00000 0.00000 40.00000 -8.33337 0.00000 0.00000 -2.50000 -8.33333 0.00000 0.00000 
0.00000 0.00000 0.00000 0.00000 -8.33333 -8.33330 -8.33333 0.00000 -8.33337 66.66667 -8.33330 0.00000 -8.33333 -8.33337 -8.33333 0.00000 
0.00000 0.00000 0.00000 0.00000 0.00000 -8.33333 -8.33330 -8.33333 0.00000 -8.33330 66.66667 -8.33337 0.00000 -8.33333 -8.33337 -8.33333 
0.00000 0.00000 0.00000 0.00000 0.00000 0.00000 -8.33333 -2.49996 0.00000 0.00000 -8.33337 40.00000 0.00000 0.00000 -8.33333 -2.50000 
0.00000 0.00000 0.00000 0.00000 0.00000 0.00000 0.00000 0.00000 -2.50000 -8.33333 0.00000 0.00000 23.33333 -2.50000 0.00000 0.00000 
0.00000 0.00000 0.00000 0.00000 0.00000 0.00000 0.00000 0.00000 -8.33333 -8.33337 -8.33333 0.00000 -2.50000 40.00000 -2.49996 0.00000 
0.00000 0.00000 0.00000 0.00000 0.00000 0.00000 0.00000 0.00000 0.00000 -8.33333 -8.33337 -8.33333 0.00000 -2.49996 40.00000 -2.50000 
0.00000 0.00000 0.00000 0.00000 0.00000 0.00000 0.00000 0.00000 0.00000 0.00000 -8.33333 -2.50000 0.00000 0.00000 -2.50000 23.33333 
